
ds1 =
  Columns 1 through 12

    1.0000    0.6195    1.5041    0.7498    0.9476    0.3822    0.3282    0.1063    0.0685    0.0174    0.0088    0.0017

  Columns 13 through 17

    0.0007    0.0001    0.0000    0.0000    0.0000


ns1 =
   1.0e-07 *

    0.4616         0         0         0         0         0         0         0         0


dz1 =
   1.0e+03 *

  Columns 1 through 12

    0.0010   -0.0107    0.0573   -0.2006    0.5115   -1.0044    1.5679   -1.9815    2.0474   -1.7349    1.2019   -0.6742

  Columns 13 through 17

    0.3006   -0.1032    0.0258   -0.0042    0.0003


nz1 =
   1.0e-06 *

  Columns 1 through 12

    0.0080         0   -0.0644         0    0.2254         0   -0.4507         0    0.5634         0   -0.4507         0

  Columns 13 through 17

    0.2254         0   -0.0644         0    0.0080


