  Columns 1 through 12

   -0.0064   -0.0120   -0.0116   -0.0059    0.0016    0.0071    0.0081    0.0052    0.0010   -0.0016   -0.0014    0.0005

  Columns 13 through 24

    0.0014   -0.0008   -0.0055   -0.0098   -0.0096   -0.0028    0.0086    0.0191    0.0219    0.0133   -0.0047   -0.0240

  Columns 25 through 36

   -0.0344   -0.0286   -0.0073    0.0209    0.0420    0.0445    0.0251   -0.0087   -0.0410   -0.0556   -0.0441   -0.0104

  Columns 37 through 48

    0.0299    0.0576    0.0586    0.0316   -0.0110   -0.0489    0.9360   -0.0489   -0.0110    0.0316    0.0586    0.0576

  Columns 49 through 60

    0.0299   -0.0104   -0.0441   -0.0556   -0.0410   -0.0087    0.0251    0.0445    0.0420    0.0209   -0.0073   -0.0286

  Columns 61 through 72

   -0.0344   -0.0240   -0.0047    0.0133    0.0219    0.0191    0.0086   -0.0028   -0.0096   -0.0098   -0.0055   -0.0008

  Columns 73 through 84

    0.0014    0.0005   -0.0014   -0.0016    0.0010    0.0052    0.0081    0.0071    0.0016   -0.0059   -0.0116   -0.0120

  Columns 85 through 86

   -0.0064    0.0027

