  Columns 1 through 12

    0.0020   -0.0001   -0.0002    0.0012    0.0019   -0.0000   -0.0040   -0.0071   -0.0061   -0.0003    0.0076    0.0123

  Columns 13 through 24

    0.0100    0.0008   -0.0099   -0.0156   -0.0123   -0.0015    0.0103    0.0159    0.0121    0.0018   -0.0084   -0.0123

  Columns 25 through 36

   -0.0087   -0.0014    0.0041    0.0047    0.0019   -0.0001    0.0019    0.0064    0.0083    0.0029   -0.0090   -0.0201

  Columns 37 through 48

   -0.0209   -0.0069    0.0162    0.0347    0.0346    0.0120   -0.0226   -0.0485   -0.0479   -0.0175    0.0272    0.0598

  Columns 49 through 60

    0.0590    0.0227   -0.0295   -0.0670   -0.0666   -0.0269    0.0294    0.0694    0.0694    0.0294   -0.0269   -0.0666

  Columns 61 through 72

   -0.0670   -0.0295    0.0227    0.0590    0.0598    0.0272   -0.0175   -0.0479   -0.0485   -0.0226    0.0120    0.0346

  Columns 73 through 84

    0.0347    0.0162   -0.0069   -0.0209   -0.0201   -0.0090    0.0029    0.0083    0.0064    0.0019   -0.0001    0.0019

  Columns 85 through 96

    0.0047    0.0041   -0.0014   -0.0087   -0.0123   -0.0084    0.0018    0.0121    0.0159    0.0103   -0.0015   -0.0123

  Columns 97 through 108

   -0.0156   -0.0099    0.0008    0.0100    0.0123    0.0076   -0.0003   -0.0061   -0.0071   -0.0040   -0.0000    0.0019

  Columns 109 through 112

    0.0012   -0.0002   -0.0001    0.0020

